     0.000062704         1.448500991         5.000000000
     2.509002447         1.448500991         5.000000000
     5.017942905         1.448500991         5.000000000
     7.526883125         1.448500991         5.000000000
    10.035822868         1.448500991         5.000000000
    -1.254407167         3.621306896         5.000000000
     1.254532576         3.621306896         5.000000000
     3.763472795         3.621306896         5.000000000
     6.272413254         3.621306896         5.000000000
     8.781352997         3.621306896         5.000000000
    -2.508877277         5.794112682         5.000000000
     0.000062466         5.794112682         5.000000000
     2.509002686         5.794112682         5.000000000
     5.017942905         5.794112682         5.000000000
     7.526882648         5.794112682         5.000000000
    -3.763347149         7.966918468         5.000000000
    -1.254407406         7.966918468         5.000000000
     1.254532814         7.966918468         5.000000000
     3.763473034         7.966918468         5.000000000
     6.272412777         7.966918468         5.000000000
    -5.017817020        10.139723778         5.000000000
    -2.508877277        10.139723778         5.000000000
     0.000062943        10.139723778         5.000000000
     2.509003162        10.139723778         5.000000000
     5.017942905        10.139723778         5.000000000
     1.254407287         0.724304795         5.000000000
     3.763347149         0.724304795         5.000000000
     6.272287369         0.724304795         5.000000000
     8.781227112         0.724304795         5.000000000
    11.290166855         0.724304795         5.000000000
    -0.000062585         2.897110462         5.000000000
     2.508877277         2.897110462         5.000000000
     5.017817497         2.897110462         5.000000000
     7.526757240         2.897110462         5.000000000
    10.035696983         2.897110462         5.000000000
    -1.254532695         5.069916248         5.000000000
     1.254407167         5.069916248         5.000000000
     3.763347387         5.069916248         5.000000000
     6.272287369         5.069916248         5.000000000
     8.781227112         5.069916248         5.000000000
    -2.509002686         7.242722511         5.000000000
    -0.000062943         7.242722511         5.000000000
     2.508877277         7.242722511         5.000000000
     5.017817020         7.242722511         5.000000000
     7.526756763         7.242722511         5.000000000
    -3.763472557         9.415528297         5.000000000
    -1.254532814         9.415528297         5.000000000
     1.254407406         9.415528297         5.000000000
     3.763347149         9.415528297         5.000000000
     6.272286892         9.415528297         5.000000000
